[N
200
58
5 haddr
21
5 W_MAP
11
13 fixed_shifter
189
9 asserterr
184
6 fpnpen
86
12 W_INIT_TABLE
46
3 N_K
135
6 Nz_GEN
70
6 DRANGE
28
2 NE
149
17 ExtMemAddress_GEN
137
17 W_MAX_HEADER_SIZE
119
15 mult_acc_shyloc
77
5 W_WEI
97
8 shift_ff
190
11 hmstdisable
141
9 EN_RUNCFG
133
15 PREDICTION_TYPE
144
12 ccsds123_top
27
11 fifop2_base
13
5 S_AMT
100
21 ro_update_mathv3_diff
112
8 n_adders
65
19 ccsds123_dispatcher
111
5 W_RES
171
5 split
73
4 clip
62
9 N_SAMPLES
105
4 W_DZ
172
6 rrobin
168
78 C:/Users/yinrui/Desktop/SHyLoc_ip/shyloc_ip-main/CCSDS123IP-VHDL/modelsim/work
192
10 arbdisable
43
1 K
127
2 Ny
96
2 Nz
98
1 N
83
6 MAX_RO
104
1 R
152
13 IS_SIGNED_GEN
49
16 header121_shyloc
68
24 ccsds_fsm_shyloc_bip_mem
12
1 W
67
13 ENCODING_TYPE
40
9 W_L_GAMMA
183
5 debug
126
2 Nx
10
86 C:/Users/yinrui/Desktop/SHyLoc_ip/shyloc_ip-main/CCSDS123IP-VHDL/modelsim/shyloc_utils
88
24 weight_update_shyloc_top
109
5 adder
107
4 W_LS
78
4 W_LD
76
20 weight_update_shyloc
136
5 Q_GEN
42
6 lkcomp
56
3 rtl
16
6 STAGES
45
9 lkoptions
30
6 fifop2
130
11 HMINDEX_123
145
11 HSINDEX_123
120
15 localdiff_shift
159
5 R_GEN
57
6 hindex
113
13 non_recursive
95
10 CYCLES_MAP
154
13 ENDIANESS_GEN
38
6 W_ZERO
47
10 EOF_IS_EOS
33
10 BLOCK_SIZE
185
6 icheck
85
18 weight_init_shyloc
110
4 W_OP
199
7 hwdebug
160
8 VMAX_GEN
87
15 PREDICTION_MODE
198
8 ahbtrace
36
5 K_MAX
156
14 PREDICTION_GEN
193
5 mprio
34
3 W_K
35
3 W_L
132
13 header123_gen
102
3 W_T
153
18 DISABLE_HEADER_GEN
134
15 MAX_HEADER_SIZE
182
7 fixbrst
48
12 sndextension
80
4 W_RO
9
25 ccsds121_shyloc_interface
3
4 arch
17
9 bitpackv2
124
13 opcode_update
163
21 ENCODER_SELECTION_GEN
146
16 HSCONFIGADDR_123
166
19 RESC_COUNT_SIZE_GEN
147
14 HSADDRMASK_123
44
5 W_L_K
55
13 ccsds121_ahbs
7
9 W_NBITS_K
19
11 packing_top
82
6 WE_MAX
69
12 arch_bip_mem
165
18 ACC_INIT_CONST_GEN
89
8 arch_bip
22
12 reg_bank_inf
8
10 RESET_TYPE
66
5 D_GEN
75
6 W_CLIP
188
10 assertwarn
90
5 TABLE
61
19 ccsds121_shyloc_fsm
54
20 ccsds121_shyloc_comp
143
6 HSADDR
74
7 W_BOUND
71
15 W_ADDR_IN_IMAGE
122
10 localsumv2
91
12 map2stagesv2
177
7 cfgmask
14
6 S_MODE
157
13 LOCAL_SUM_GEN
60
6 kbytes
118
9 W_PRODUCT
29
6 W_ADDR
108
10 ld_2d_fifo
155
5 P_MAX
179
5 nahbs
139
17 ACC_INIT_TYPE_GEN
140
20 ccsds123_config_core
15
14 barrel_shifter
197
5 index
176
7 cfgaddr
178
5 nahbm
131
16 predictor_shyloc
187
8 enbusmon
186
5 devid
196
4 acdm
52
12 W_BUFFER_GEN
117
4 mult
31
4 EDAC
181
6 disirq
148
13 HMAXBURST_123
142
7 HSINDEX
4
8 W_BUFFER
114
8 N_ADDERS
164
16 INIT_COUNT_E_GEN
191
11 hslvdisable
123
14 LOCAL_SUM_MODE
175
6 iomask
158
9 OMEGA_GEN
115
12 n_adders_top
200
8 fourgslv
51
11 HEADER_ADDR
25
8 reg_bank
20
5 W_OPT
23
2 Cz
94
12 finished_gen
103
18 predictor2stagesv2
129
25 ccsds_comp_shyloc_bip_mem
6
7 W_NBITS
121
11 localdiffv3
170
7 defmast
79
8 W_SCALED
92
10 W_S_SIGNED
59
5 hmask
116
13 HEIGHT_ADDERS
18
14 W_W_BUFFER_GEN
169
7 ahbctrl
180
4 ioen
81
6 WE_MIN
41
8 MAX_SIZE
50
11 arch_shyloc
39
8 optcoder
138
15 WEIGHT_INIT_GEN
162
9 T_INC_GEN
1
84 C:/Users/yinrui/Desktop/SHyLoc_ip/shyloc_ip-main/CCSDS123IP-VHDL/modelsim/shyloc_121
64
84 C:/Users/yinrui/Desktop/SHyLoc_ip/shyloc_ip-main/CCSDS123IP-VHDL/modelsim/shyloc_123
161
8 VMIN_GEN
128
14 ahbtbm_ctrl_bi
53
16 W_NBITS_HEAD_GEN
194
6 mcheck
167
9 U_MAX_GEN
63
11 W_N_SAMPLES
150
6 Nx_GEN
26
4 TECH
84
5 OMEGA
174
6 ioaddr
93
6 W_SMAX
2
8 splitter
99
8 N_STAGES
101
5 T_INC
37
7 W_GAMMA
106
3 NBP
72
11 wei_2d_fifo
151
6 Ny_GEN
32
9 fscoderv2
5
8 W_FS_OPT
125
8 bip_arch
24
9 W_ADDRESS
195
6 ccheck
173
7 timeout
]
[G
10
11
3
20
13
0
0
4
0
0 0
0
0
]
[G
1
48
3
1
40
1
0
11
0
0 0
0
0
]
[G
168
169
56
1
177
0
0
4080
0
0 0
0
0
]
[G
10
30
3
13
8
0
0
0
0
0 0
0
0
]
[G
10
30
3
14
8
0
0
0
0
0 0
0
0
]
[G
64
128
50
1
126
0
0
7
0
0 0
0
0
]
[G
64
128
50
1
127
0
0
8
0
0 0
0
0
]
[G
64
128
50
1
96
0
0
5
0
0 0
0
0
]
[G
64
132
3
1
134
1
0
34
0
0 0
0
0
]
[G
64
119
3
1
23
1
0
6
0
0 0
0
0
]
[G
64
91
3
1
93
1
0
9
0
0 0
0
0
]
[G
64
132
3
1
51
0
0
34
0
0 0
0
0
]
[G
64
108
3
1
29
1
0
3
0
0 0
0
0
]
[G
64
128
50
1
12
1
0
32
0
0 0
0
0
]
[G
64
120
3
1
8
0
0
0
0
0 0
0
0
]
[G
1
19
3
1
7
1
0
6
0
0 0
0
0
]
[G
64
124
125
1
126
0
0
7
0
0 0
0
0
]
[G
64
124
125
1
127
0
0
8
0
0 0
0
0
]
[G
64
124
125
1
96
0
0
5
0
0 0
0
0
]
[G
64
65
3
1
67
0
0
0
0
0 0
0
0
]
[G
10
30
3
10
26
1
0
0
0
0 0
0
0
]
[G
1
32
3
1
5
1
0
100
0
0 0
0
0
]
[G
168
169
56
1
170
0
0
0
0
0 0
0
0
]
[G
64
120
3
1
71
1
0
16
0
0 0
0
0
]
[G
64
115
3
1
111
1
0
28
0
0 0
0
0
]
[G
1
2
3
1
6
1
0
10
0
0 0
0
0
]
[G
1
49
50
1
53
1
0
6
0
0 0
0
0
]
[G
64
109
3
1
110
1
0
28
0
0 0
0
0
]
[G
1
45
3
1
38
1
0
7
0
0 0
0
0
]
[G
10
30
3
1
29
1
0
7
0
0 0
0
0
]
[G
10
30
3
2
29
1
0
7
0
0 0
0
0
]
[G
10
30
3
3
29
1
0
5
0
0 0
0
0
]
[G
10
30
3
4
29
1
0
6
0
0 0
0
0
]
[G
10
30
3
5
29
1
0
6
0
0 0
0
0
]
[G
10
30
3
6
29
1
0
3
0
0 0
0
0
]
[G
10
30
3
7
29
1
0
3
0
0 0
0
0
]
[G
10
30
3
8
29
1
0
4
0
0 0
0
0
]
[G
10
30
3
9
29
1
0
4
0
0 0
0
0
]
[G
10
30
3
10
29
1
0
5
0
0 0
0
0
]
[G
1
32
3
1
21
1
0
32
0
0 0
0
0
]
[G
10
30
3
12
29
1
0
3
0
0 0
0
0
]
[G
10
30
3
13
29
1
0
3
0
0 0
0
0
]
[G
10
30
3
14
29
1
0
3
0
0 0
0
0
]
[G
168
169
56
1
183
0
0
2
0
0 0
0
0
]
[G
1
45
3
1
44
1
0
11
0
0 0
0
0
]
[G
10
17
3
1
8
0
0
0
0
0 0
0
0
]
[G
10
17
3
2
8
0
0
0
0
0 0
0
0
]
[G
64
124
125
1
8
0
0
0
0
0 0
0
0
]
[G
10
27
3
1
26
1
0
0
0
0 0
0
0
]
[G
10
27
3
2
26
1
0
0
0
0 0
0
0
]
[G
10
27
3
3
26
1
0
0
0
0 0
0
0
]
[G
10
27
3
4
26
1
0
0
0
0 0
0
0
]
[G
10
27
3
5
26
1
0
0
0
0 0
0
0
]
[G
10
27
3
6
26
1
0
0
0
0 0
0
0
]
[G
10
11
3
1
14
1
0
1
0
0 0
0
0
]
[G
10
11
3
2
14
1
0
1
0
0 0
0
0
]
[G
10
11
3
3
14
1
0
1
0
0 0
0
0
]
[G
10
11
3
4
14
1
0
1
0
0 0
0
0
]
[G
10
11
3
5
14
1
0
1
0
0 0
0
0
]
[G
10
27
3
3
12
1
0
32
0
0 0
0
0
]
[G
10
11
3
7
14
1
0
0
0
0 0
0
0
]
[G
10
27
3
5
12
1
0
32
0
0 0
0
0
]
[G
10
11
3
9
14
1
0
0
0
0 0
0
0
]
[G
10
11
3
10
14
1
0
0
0
0 0
0
0
]
[G
10
11
3
11
14
1
0
0
0
0 0
0
0
]
[G
10
11
3
12
14
1
0
0
0
0 0
0
0
]
[G
10
27
3
1
28
0
0
68
0
0 0
0
0
]
[G
10
27
3
2
28
0
0
68
0
0 0
0
0
]
[G
10
27
3
3
28
0
0
17
0
0 0
0
0
]
[G
10
27
3
4
28
0
0
32
0
0 0
0
0
]
[G
10
27
3
5
28
0
0
64
0
0 0
0
0
]
[G
10
27
3
7
26
1
0
0
0
0 0
0
0
]
[G
10
27
3
8
26
1
0
0
0
0 0
0
0
]
[G
10
27
3
9
26
1
0
0
0
0 0
0
0
]
[G
10
27
3
1
12
1
0
32
0
0 0
0
0
]
[G
10
27
3
2
12
1
0
6
0
0 0
0
0
]
[G
10
11
3
6
14
1
0
1
0
0 0
0
0
]
[G
10
27
3
4
12
1
0
6
0
0 0
0
0
]
[G
10
11
3
8
14
1
0
0
0
0 0
0
0
]
[G
10
27
3
6
12
1
0
32
0
0 0
0
0
]
[G
10
27
3
7
12
1
0
7
0
0 0
0
0
]
[G
1
32
3
1
37
1
0
6
0
0 0
0
0
]
[G
10
27
3
9
12
1
0
32
0
0 0
0
0
]
[G
10
11
3
13
14
1
0
4
0
0 0
0
0
]
[G
10
11
3
14
14
1
0
4
0
0 0
0
0
]
[G
1
61
3
1
8
0
0
0
0
0 0
0
0
]
[G
10
11
3
16
14
1
0
4
0
0 0
0
0
]
[G
10
27
3
14
12
1
0
13
0
0 0
0
0
]
[G
10
27
3
6
28
0
0
16
0
0 0
0
0
]
[G
10
27
3
7
28
0
0
16
0
0 0
0
0
]
[G
10
27
3
8
28
0
0
16
0
0 0
0
0
]
[G
10
27
3
9
28
0
0
16
0
0 0
0
0
]
[G
10
11
3
22
14
1
0
0
0
0 0
0
0
]
[G
10
27
3
12
26
1
0
0
0
0 0
0
0
]
[G
10
27
3
13
26
1
0
0
0
0 0
0
0
]
[G
10
27
3
14
26
1
0
0
0
0 0
0
0
]
[G
10
27
3
14
28
0
0
5
0
0 0
0
0
]
[G
10
27
3
8
12
1
0
8
0
0 0
0
0
]
[G
64
120
3
1
106
1
0
3
0
0 0
0
0
]
[G
64
103
3
1
107
1
0
11
0
0 0
0
0
]
[G
10
27
3
11
12
1
0
8
0
0 0
0
0
]
[G
10
11
3
15
14
1
0
4
0
0 0
0
0
]
[G
10
27
3
13
12
1
0
13
0
0 0
0
0
]
[G
10
11
3
17
14
1
0
4
0
0 0
0
0
]
[G
10
11
3
18
14
1
0
0
0
0 0
0
0
]
[G
10
11
3
19
14
1
0
0
0
0 0
0
0
]
[G
10
11
3
20
14
1
0
0
0
0 0
0
0
]
[G
10
11
3
21
14
1
0
0
0
0 0
0
0
]
[G
10
27
3
11
26
1
0
0
0
0 0
0
0
]
[G
10
27
3
11
28
0
0
5
0
0 0
0
0
]
[G
10
27
3
12
28
0
0
6
0
0 0
0
0
]
[G
10
27
3
13
28
0
0
6
0
0 0
0
0
]
[G
10
27
3
10
12
1
0
8
0
0 0
0
0
]
[G
10
27
3
12
12
1
0
12
0
0 0
0
0
]
[G
64
121
50
1
87
0
0
0
0
0 0
0
0
]
[G
64
76
3
1
82
0
0
4095
0
0 0
0
0
]
[G
10
27
3
10
26
1
0
0
0
0 0
0
0
]
[G
10
30
3
11
29
1
0
3
0
0 0
0
0
]
[G
64
94
3
1
96
0
0
5
0
0 0
0
0
]
[G
64
122
3
1
107
1
0
11
0
0 0
0
0
]
[G
64
129
69
1
130
0
0
1
0
0 0
0
0
]
[G
1
54
3
1
8
0
0
0
0
0 0
0
0
]
[G
64
88
89
1
83
1
0
11
0
0 0
0
0
]
[G
64
144
3
1
150
0
0
7
0
0 0
0
0
]
[G
10
27
3
10
28
0
0
16
0
0 0
0
0
]
[G
64
112
113
1
114
1
0
4
0
0 0
0
0
]
[G
64
112
113
2
114
1
0
2
0
0 0
0
0
]
[G
64
112
113
3
114
1
0
1
0
0 0
0
0
]
[G
10
27
3
1
8
0
0
0
0
0 0
0
0
]
[G
10
27
3
2
8
0
0
0
0
0 0
0
0
]
[G
10
27
3
3
8
0
0
0
0
0 0
0
0
]
[G
10
27
3
4
8
0
0
0
0
0 0
0
0
]
[G
10
27
3
5
8
0
0
0
0
0 0
0
0
]
[G
10
27
3
6
8
0
0
0
0
0 0
0
0
]
[G
10
27
3
7
8
0
0
0
0
0 0
0
0
]
[G
10
27
3
8
8
0
0
0
0
0 0
0
0
]
[G
10
27
3
9
8
0
0
0
0
0 0
0
0
]
[G
64
85
3
1
86
1
0
3
0
0 0
0
0
]
[G
10
27
3
11
8
0
0
0
0
0 0
0
0
]
[G
10
27
3
12
8
0
0
0
0
0 0
0
0
]
[G
10
27
3
13
8
0
0
0
0
0 0
0
0
]
[G
1
42
3
1
43
0
0
0
0
0 0
0
0
]
[G
1
42
3
2
43
0
0
1
0
0 0
0
0
]
[G
1
42
3
3
43
0
0
2
0
0 0
0
0
]
[G
1
42
3
4
43
0
0
3
0
0 0
0
0
]
[G
1
42
3
5
43
0
0
4
0
0 0
0
0
]
[G
1
42
3
6
43
0
0
5
0
0 0
0
0
]
[G
1
42
3
7
43
0
0
6
0
0 0
0
0
]
[G
1
42
3
8
43
0
0
7
0
0 0
0
0
]
[G
1
42
3
9
43
0
0
8
0
0 0
0
0
]
[G
1
42
3
10
43
0
0
9
0
0 0
0
0
]
[G
1
42
3
11
43
0
0
10
0
0 0
0
0
]
[G
1
42
3
12
43
0
0
11
0
0 0
0
0
]
[G
1
42
3
13
43
0
0
12
0
0 0
0
0
]
[G
1
48
3
1
21
1
0
32
0
0 0
0
0
]
[G
1
42
3
15
43
0
0
14
0
0 0
0
0
]
[G
1
42
3
16
43
0
0
15
0
0 0
0
0
]
[G
1
42
3
17
43
0
0
16
0
0 0
0
0
]
[G
1
42
3
18
43
0
0
17
0
0 0
0
0
]
[G
1
42
3
19
43
0
0
18
0
0 0
0
0
]
[G
1
42
3
20
43
0
0
19
0
0 0
0
0
]
[G
1
42
3
21
43
0
0
20
0
0 0
0
0
]
[G
1
42
3
22
43
0
0
21
0
0 0
0
0
]
[G
1
42
3
23
43
0
0
22
0
0 0
0
0
]
[G
1
42
3
24
43
0
0
23
0
0 0
0
0
]
[G
1
42
3
25
43
0
0
24
0
0 0
0
0
]
[G
1
49
50
1
51
1
0
3
0
0 0
0
0
]
[G
1
42
3
27
43
0
0
26
0
0 0
0
0
]
[G
1
42
3
28
43
0
0
27
0
0 0
0
0
]
[G
1
42
3
29
43
0
0
28
0
0 0
0
0
]
[G
1
42
3
30
43
0
0
29
0
0 0
0
0
]
[G
1
42
3
14
43
0
0
13
0
0 0
0
0
]
[G
10
27
3
14
8
0
0
0
0
0 0
0
0
]
[G
64
129
69
1
71
1
0
16
0
0 0
0
0
]
[G
64
112
113
1
8
0
0
0
0
0 0
0
0
]
[G
64
112
113
2
8
0
0
0
0
0 0
0
0
]
[G
64
112
113
3
8
0
0
0
0
0 0
0
0
]
[G
64
88
89
1
23
1
0
6
0
0 0
0
0
]
[G
1
42
3
26
43
0
0
25
0
0 0
0
0
]
[G
64
129
69
1
8
0
0
0
0
0 0
0
0
]
[G
64
128
50
1
106
0
0
3
0
0 0
0
0
]
[G
64
94
3
1
8
0
0
0
0
0 0
0
0
]
[G
64
144
3
1
161
0
0
-1
0
0 0
0
0
]
[G
64
88
89
1
70
1
0
8
0
0 0
0
0
]
[G
64
144
3
1
167
0
0
16
0
0 0
0
0
]
[G
64
72
3
1
31
1
0
0
0
0 0
0
0
]
[G
64
72
3
2
31
1
0
0
0
0 0
0
0
]
[G
64
144
3
1
148
0
0
16
0
0 0
0
0
]
[G
64
144
3
1
154
0
0
0
0
0 0
0
0
]
[G
10
27
3
10
8
0
0
0
0
0 0
0
0
]
[G
1
48
3
1
37
1
0
6
0
0 0
0
0
]
[G
1
19
3
1
8
0
0
0
0
0 0
0
0
]
[G
64
144
3
1
159
0
0
32
0
0 0
0
0
]
[G
64
119
3
1
8
0
0
0
0
0 0
0
0
]
[G
64
76
3
1
81
0
0
-4096
0
0 0
0
0
]
[G
168
169
56
1
187
1
0
0
0
0 0
0
0
]
[G
64
132
3
1
133
0
0
1
0
0 0
0
0
]
[G
168
169
56
1
198
1
0
0
0
0 0
0
0
]
[G
64
124
125
1
71
1
0
16
0
0 0
0
0
]
[G
64
76
3
1
79
1
0
34
0
0 0
0
0
]
[G
64
100
3
1
80
1
0
5
0
0 0
0
0
]
[G
64
109
3
1
111
1
0
28
0
0 0
0
0
]
[G
64
94
3
1
71
1
0
16
0
0 0
0
0
]
[G
64
144
3
1
145
0
0
1
0
0 0
0
0
]
[G
168
169
56
1
173
0
0
0
0
0 0
0
0
]
[G
10
11
3
1
12
1
0
32
0
0 0
0
0
]
[G
10
11
3
2
12
1
0
32
0
0 0
0
0
]
[G
10
11
3
3
12
1
0
32
0
0 0
0
0
]
[G
10
11
3
4
12
1
0
32
0
0 0
0
0
]
[G
10
11
3
5
12
1
0
32
0
0 0
0
0
]
[G
10
11
3
6
12
1
0
32
0
0 0
0
0
]
[G
10
11
3
7
12
1
0
32
0
0 0
0
0
]
[G
10
11
3
8
12
1
0
32
0
0 0
0
0
]
[G
10
11
3
9
12
1
0
32
0
0 0
0
0
]
[G
10
11
3
10
12
1
0
32
0
0 0
0
0
]
[G
10
11
3
11
12
1
0
32
0
0 0
0
0
]
[G
10
11
3
12
12
1
0
32
0
0 0
0
0
]
[G
10
11
3
13
12
1
0
23
0
0 0
0
0
]
[G
10
11
3
14
12
1
0
23
0
0 0
0
0
]
[G
10
11
3
15
12
1
0
23
0
0 0
0
0
]
[G
10
11
3
16
12
1
0
23
0
0 0
0
0
]
[G
10
11
3
17
12
1
0
23
0
0 0
0
0
]
[G
10
11
3
18
12
1
0
23
0
0 0
0
0
]
[G
10
11
3
19
12
1
0
23
0
0 0
0
0
]
[G
10
11
3
20
12
1
0
23
0
0 0
0
0
]
[G
10
11
3
21
12
1
0
23
0
0 0
0
0
]
[G
10
11
3
22
12
1
0
23
0
0 0
0
0
]
[G
64
120
3
1
78
1
0
12
0
0 0
0
0
]
[G
10
27
3
1
29
1
0
7
0
0 0
0
0
]
[G
10
27
3
2
29
1
0
7
0
0 0
0
0
]
[G
10
27
3
3
29
1
0
5
0
0 0
0
0
]
[G
10
27
3
4
29
1
0
6
0
0 0
0
0
]
[G
10
27
3
5
29
1
0
6
0
0 0
0
0
]
[G
10
27
3
6
29
1
0
3
0
0 0
0
0
]
[G
10
27
3
7
29
1
0
3
0
0 0
0
0
]
[G
10
27
3
8
29
1
0
4
0
0 0
0
0
]
[G
10
27
3
9
29
1
0
4
0
0 0
0
0
]
[G
1
48
3
1
41
0
0
1024
0
0 0
0
0
]
[G
10
27
3
11
29
1
0
3
0
0 0
0
0
]
[G
10
27
3
12
29
1
0
3
0
0 0
0
0
]
[G
10
27
3
13
29
1
0
3
0
0 0
0
0
]
[G
10
27
3
14
29
1
0
3
0
0 0
0
0
]
[G
64
144
3
1
153
0
0
0
0
0 0
0
0
]
[G
1
45
3
1
21
1
0
32
0
0 0
0
0
]
[G
64
108
3
1
31
1
0
0
0
0 0
0
0
]
[G
10
27
3
10
29
1
0
5
0
0 0
0
0
]
[G
64
132
3
1
136
0
0
5
0
0 0
0
0
]
[G
168
169
56
1
200
0
0
0
0
0 0
0
0
]
[G
168
169
56
1
190
0
0
0
0
0 0
0
0
]
[G
1
32
3
1
7
1
0
6
0
0 0
0
0
]
[G
1
32
3
1
36
0
0
29
0
0 0
0
0
]
[G
1
19
3
1
20
0
0
6
0
0 0
0
0
]
[G
1
39
3
1
8
0
0
0
0
0 0
0
0
]
[G
64
88
89
1
8
0
0
0
0
0 0
0
0
]
[G
168
169
56
1
191
0
0
0
0
0 0
0
0
]
[G
1
61
3
1
33
1
0
32
0
0 0
0
0
]
[G
64
85
3
1
87
0
0
0
0
0 0
0
0
]
[G
10
30
3
1
31
1
0
0
0
0 0
0
0
]
[G
10
30
3
2
31
1
0
0
0
0 0
0
0
]
[G
10
30
3
3
31
1
0
0
0
0 0
0
0
]
[G
10
30
3
4
31
1
0
0
0
0 0
0
0
]
[G
10
30
3
5
31
1
0
0
0
0 0
0
0
]
[G
10
30
3
6
31
1
0
0
0
0 0
0
0
]
[G
10
30
3
7
31
1
0
0
0
0 0
0
0
]
[G
10
30
3
8
31
1
0
0
0
0 0
0
0
]
[G
10
30
3
9
31
1
0
0
0
0 0
0
0
]
[G
10
30
3
10
31
1
0
0
0
0 0
0
0
]
[G
10
30
3
11
31
1
0
0
0
0 0
0
0
]
[G
10
30
3
12
31
1
0
0
0
0 0
0
0
]
[G
10
30
3
13
31
1
0
0
0
0 0
0
0
]
[G
10
30
3
14
31
1
0
0
0
0 0
0
0
]
[G
10
17
3
1
6
1
0
6
0
0 0
0
0
]
[G
10
17
3
2
6
1
0
10
0
0 0
0
0
]
[G
64
73
3
1
74
1
0
10
0
0 0
0
0
]
[G
64
73
3
2
74
1
0
13
0
0 0
0
0
]
[G
64
119
3
1
77
1
0
13
0
0 0
0
0
]
[G
64
97
3
1
99
1
0
1
0
0 0
0
0
]
[G
64
97
3
2
99
1
0
4
0
0 0
0
0
]
[G
64
144
3
1
163
1
0
2
0
0 0
0
0
]
[G
64
97
3
4
99
1
0
4
0
0 0
0
0
]
[G
168
169
56
1
192
0
0
0
0
0 0
0
0
]
[G
64
97
3
7
99
1
0
1
0
0 0
0
0
]
[G
64
97
3
8
99
1
0
7
0
0 0
0
0
]
[G
64
144
3
1
147
0
0
4095
0
0 0
0
0
]
[G
10
17
3
1
18
1
0
6
0
0 0
0
0
]
[G
10
17
3
2
18
1
0
6
0
0 0
0
0
]
[G
64
97
3
2
98
1
0
11
0
0 0
0
0
]
[G
64
97
3
4
98
1
0
9
0
0 0
0
0
]
[G
64
97
3
7
98
1
0
16
0
0 0
0
0
]
[G
64
97
3
8
98
1
0
32
0
0 0
0
0
]
[G
64
100
3
1
102
1
0
32
0
0 0
0
0
]
[G
64
68
69
1
70
1
0
8
0
0 0
0
0
]
[G
64
144
3
1
152
0
0
0
0
0 0
0
0
]
[G
64
144
3
1
133
1
0
1
0
0 0
0
0
]
[G
1
45
3
1
41
0
0
1024
0
0 0
0
0
]
[G
64
97
3
1
98
1
0
8
0
0 0
0
0
]
[G
10
22
3
1
23
1
0
4
0
0 0
0
0
]
[G
10
22
3
2
23
1
0
128
0
0 0
0
0
]
[G
10
22
3
3
23
1
0
128
0
0 0
0
0
]
[G
10
22
3
4
23
1
0
32
0
0 0
0
0
]
[G
10
22
3
5
23
1
0
64
0
0 0
0
0
]
[G
10
22
3
6
23
1
0
64
0
0 0
0
0
]
[G
10
22
3
7
23
1
0
8
0
0 0
0
0
]
[G
10
22
3
8
23
1
0
8
0
0 0
0
0
]
[G
10
22
3
9
23
1
0
16
0
0 0
0
0
]
[G
10
22
3
10
23
1
0
16
0
0 0
0
0
]
[G
10
22
3
11
23
1
0
32
0
0 0
0
0
]
[G
10
22
3
12
23
1
0
8
0
0 0
0
0
]
[G
10
22
3
13
23
1
0
8
0
0 0
0
0
]
[G
10
22
3
14
23
1
0
8
0
0 0
0
0
]
[G
64
88
89
1
84
0
0
10
0
0 0
0
0
]
[G
64
132
3
1
137
1
0
6
0
0 0
0
0
]
[G
64
132
3
1
52
1
0
32
0
0 0
0
0
]
[G
168
169
56
1
185
0
0
1
0
0 0
0
0
]
[G
168
169
56
1
172
0
0
0
0
0 0
0
0
]
[G
1
39
3
1
20
1
0
6
0
0 0
0
0
]
[G
64
140
3
1
143
0
0
512
0
0 0
0
0
]
[G
64
119
3
1
78
1
0
12
0
0 0
0
0
]
[G
64
132
3
1
8
0
0
0
0
0 0
0
0
]
[G
1
2
3
1
4
1
0
32
0
0 0
0
0
]
[G
64
97
3
1
8
0
0
0
0
0 0
0
0
]
[G
64
97
3
2
8
0
0
0
0
0 0
0
0
]
[G
64
97
3
4
8
0
0
0
0
0 0
0
0
]
[G
64
97
3
7
8
0
0
0
0
0 0
0
0
]
[G
64
97
3
8
8
0
0
0
0
0 0
0
0
]
[G
64
76
3
1
83
1
0
11
0
0 0
0
0
]
[G
64
144
3
1
136
0
0
5
0
0 0
0
0
]
[G
64
144
3
1
156
0
0
0
0
0 0
0
0
]
[G
64
144
3
1
157
0
0
0
0
0 0
0
0
]
[G
10
25
3
1
23
1
0
4
0
0 0
0
0
]
[G
10
25
3
2
23
1
0
128
0
0 0
0
0
]
[G
10
25
3
3
23
1
0
128
0
0 0
0
0
]
[G
10
25
3
4
23
1
0
32
0
0 0
0
0
]
[G
10
25
3
5
23
1
0
64
0
0 0
0
0
]
[G
10
25
3
6
23
1
0
64
0
0 0
0
0
]
[G
10
25
3
7
23
1
0
8
0
0 0
0
0
]
[G
10
25
3
8
23
1
0
8
0
0 0
0
0
]
[G
10
25
3
9
23
1
0
16
0
0 0
0
0
]
[G
10
25
3
10
23
1
0
16
0
0 0
0
0
]
[G
10
25
3
11
23
1
0
32
0
0 0
0
0
]
[G
10
25
3
12
23
1
0
8
0
0 0
0
0
]
[G
10
25
3
13
23
1
0
8
0
0 0
0
0
]
[G
10
25
3
14
23
1
0
8
0
0 0
0
0
]
[G
64
112
113
1
110
1
0
28
0
0 0
0
0
]
[G
64
112
113
2
110
1
0
28
0
0 0
0
0
]
[G
64
112
113
3
110
1
0
28
0
0 0
0
0
]
[G
168
169
56
1
189
0
0
0
0
0 0
0
0
]
[G
64
144
3
1
155
0
0
3
0
0 0
0
0
]
[G
10
22
3
1
12
1
0
32
0
0 0
0
0
]
[G
10
22
3
2
12
1
0
32
0
0 0
0
0
]
[G
10
22
3
3
12
1
0
6
0
0 0
0
0
]
[G
10
22
3
4
12
1
0
32
0
0 0
0
0
]
[G
10
22
3
5
12
1
0
6
0
0 0
0
0
]
[G
10
22
3
6
12
1
0
32
0
0 0
0
0
]
[G
10
22
3
7
12
1
0
32
0
0 0
0
0
]
[G
10
22
3
8
12
1
0
7
0
0 0
0
0
]
[G
10
22
3
9
12
1
0
8
0
0 0
0
0
]
[G
10
22
3
10
12
1
0
32
0
0 0
0
0
]
[G
10
22
3
11
12
1
0
8
0
0 0
0
0
]
[G
10
22
3
12
12
1
0
8
0
0 0
0
0
]
[G
10
22
3
13
12
1
0
12
0
0 0
0
0
]
[G
10
22
3
14
12
1
0
13
0
0 0
0
0
]
[G
1
19
3
1
6
1
0
10
0
0 0
0
0
]
[G
1
2
3
1
5
1
0
100
0
0 0
0
0
]
[G
1
32
3
1
8
0
0
0
0
0 0
0
0
]
[G
64
144
3
1
141
1
0
0
0
0 0
0
0
]
[G
64
76
3
1
70
1
0
8
0
0 0
0
0
]
[G
64
68
69
1
8
0
0
0
0
0 0
0
0
]
[G
64
88
89
1
77
1
0
13
0
0 0
0
0
]
[G
64
121
50
1
70
1
0
8
0
0 0
0
0
]
[G
64
117
3
1
8
0
0
0
0
0 0
0
0
]
[G
1
45
3
1
47
0
0
1
0
0 0
0
0
]
[G
10
15
3
1
16
1
0
6
0
0 0
0
0
]
[G
10
15
3
2
16
1
0
6
0
0 0
0
0
]
[G
10
25
3
2
26
1
0
0
0
0 0
0
0
]
[G
10
25
3
3
26
1
0
0
0
0 0
0
0
]
[G
10
22
3
2
8
0
0
0
0
0 0
0
0
]
[G
10
22
3
3
8
0
0
0
0
0 0
0
0
]
[G
10
25
3
6
26
1
0
0
0
0 0
0
0
]
[G
10
22
3
5
8
0
0
0
0
0 0
0
0
]
[G
10
22
3
6
8
0
0
0
0
0 0
0
0
]
[G
10
25
3
9
26
1
0
0
0
0 0
0
0
]
[G
1
39
3
1
33
0
0
16
0
0 0
0
0
]
[G
10
25
3
2
12
1
0
32
0
0 0
0
0
]
[G
10
25
3
3
12
1
0
6
0
0 0
0
0
]
[G
10
25
3
4
12
1
0
32
0
0 0
0
0
]
[G
10
25
3
5
12
1
0
6
0
0 0
0
0
]
[G
10
25
3
6
12
1
0
32
0
0 0
0
0
]
[G
10
25
3
7
12
1
0
32
0
0 0
0
0
]
[G
10
25
3
8
12
1
0
7
0
0 0
0
0
]
[G
10
25
3
1
26
1
0
0
0
0 0
0
0
]
[G
10
25
3
10
12
1
0
32
0
0 0
0
0
]
[G
10
22
3
1
8
0
0
0
0
0 0
0
0
]
[G
10
25
3
4
26
1
0
0
0
0 0
0
0
]
[G
10
25
3
5
26
1
0
0
0
0 0
0
0
]
[G
10
22
3
4
8
0
0
0
0
0 0
0
0
]
[G
10
25
3
7
26
1
0
0
0
0 0
0
0
]
[G
10
25
3
8
26
1
0
0
0
0 0
0
0
]
[G
10
22
3
7
8
0
0
0
0
0 0
0
0
]
[G
10
25
3
1
12
1
0
32
0
0 0
0
0
]
[G
10
22
3
9
8
0
0
0
0
0 0
0
0
]
[G
10
22
3
10
8
0
0
0
0
0 0
0
0
]
[G
10
25
3
13
26
1
0
0
0
0 0
0
0
]
[G
10
25
3
14
26
1
0
0
0
0 0
0
0
]
[G
10
22
3
13
8
0
0
0
0
0 0
0
0
]
[G
10
22
3
14
8
0
0
0
0
0 0
0
0
]
[G
64
144
3
1
8
0
0
0
0
0 0
0
0
]
[G
10
25
3
9
12
1
0
8
0
0 0
0
0
]
[G
10
15
3
3
16
1
0
5
0
0 0
0
0
]
[G
10
15
3
4
16
1
0
5
0
0 0
0
0
]
[G
10
25
3
12
12
1
0
8
0
0 0
0
0
]
[G
10
25
3
13
12
1
0
12
0
0 0
0
0
]
[G
10
25
3
14
12
1
0
13
0
0 0
0
0
]
[G
64
65
3
1
26
1
0
0
0
0 0
0
0
]
[G
10
25
3
10
26
1
0
0
0
0 0
0
0
]
[G
64
73
3
2
75
1
0
24
0
0 0
0
0
]
[G
10
25
3
12
26
1
0
0
0
0 0
0
0
]
[G
64
103
3
1
79
1
0
34
0
0 0
0
0
]
[G
10
22
3
12
8
0
0
0
0
0 0
0
0
]
[G
168
169
56
1
178
1
0
2
0
0 0
0
0
]
[G
64
124
125
1
102
1
0
32
0
0 0
0
0
]
[G
10
25
3
11
12
1
0
8
0
0 0
0
0
]
[G
168
169
56
1
174
0
0
4095
0
0 0
0
0
]
[G
168
169
56
1
179
1
0
3
0
0 0
0
0
]
[G
64
68
69
1
71
1
0
16
0
0 0
0
0
]
[G
10
22
3
8
8
0
0
0
0
0 0
0
0
]
[G
10
25
3
11
26
1
0
0
0
0 0
0
0
]
[G
10
22
3
11
8
0
0
0
0
0 0
0
0
]
[G
1
32
3
1
20
1
0
6
0
0 0
0
0
]
[G
64
88
89
1
78
1
0
12
0
0 0
0
0
]
[G
64
144
3
1
52
1
0
32
0
0 0
0
0
]
[G
64
73
3
1
75
1
0
34
0
0 0
0
0
]
[G
64
117
3
1
118
1
0
28
0
0 0
0
0
]
[G
64
131
69
1
52
0
0
32
0
0 0
0
0
]
[G
1
48
3
1
8
0
0
0
0
0 0
0
0
]
[G
64
144
3
1
149
0
0
1024
0
0 0
0
0
]
[G
168
169
56
1
175
0
0
4095
0
0 0
0
0
]
[G
64
144
3
1
130
0
0
1
0
0 0
0
0
]
[G
64
65
3
1
52
1
0
32
0
0 0
0
0
]
[G
10
25
3
1
8
0
0
0
0
0 0
0
0
]
[G
10
25
3
2
8
0
0
0
0
0 0
0
0
]
[G
10
25
3
3
8
0
0
0
0
0 0
0
0
]
[G
10
25
3
4
8
0
0
0
0
0 0
0
0
]
[G
10
25
3
5
8
0
0
0
0
0 0
0
0
]
[G
10
25
3
6
8
0
0
0
0
0 0
0
0
]
[G
10
25
3
7
8
0
0
0
0
0 0
0
0
]
[G
10
25
3
8
8
0
0
0
0
0 0
0
0
]
[G
10
25
3
9
8
0
0
0
0
0 0
0
0
]
[G
10
25
3
10
8
0
0
0
0
0 0
0
0
]
[G
10
25
3
11
8
0
0
0
0
0 0
0
0
]
[G
10
25
3
12
8
0
0
0
0
0 0
0
0
]
[G
10
25
3
13
8
0
0
0
0
0 0
0
0
]
[G
10
25
3
14
8
0
0
0
0
0 0
0
0
]
[G
64
131
69
1
8
0
0
0
0
0 0
0
0
]
[G
64
65
3
1
8
0
0
0
0
0 0
0
0
]
[G
64
76
3
1
8
0
0
0
0
0 0
0
0
]
[G
1
61
3
1
38
1
0
7
0
0 0
0
0
]
[G
64
119
3
1
111
1
0
28
0
0 0
0
0
]
[G
168
169
56
1
182
0
0
0
0
0 0
0
0
]
[G
64
112
113
1
111
1
0
28
0
0 0
0
0
]
[G
64
112
113
2
111
1
0
28
0
0 0
0
0
]
[G
64
112
113
3
111
1
0
28
0
0 0
0
0
]
[G
64
121
50
1
8
0
0
0
0
0 0
0
0
]
[G
64
88
89
1
80
1
0
5
0
0 0
0
0
]
[G
1
49
50
1
52
1
0
32
0
0 0
0
0
]
[G
64
131
69
1
71
1
0
16
0
0 0
0
0
]
[G
168
169
56
1
197
0
0
0
0
0 0
0
0
]
[G
1
49
50
1
8
0
0
0
0
0 0
0
0
]
[G
64
117
3
1
77
1
0
13
0
0 0
0
0
]
[G
64
132
3
1
138
0
0
0
0
0 0
0
0
]
[G
168
169
56
1
184
0
0
0
0
0 0
0
0
]
[G
1
45
3
1
8
0
0
0
0
0 0
0
0
]
[G
64
144
3
1
166
0
0
9
0
0 0
0
0
]
[G
168
169
56
1
194
0
0
1
0
0 0
0
0
]
[G
64
76
3
1
84
0
0
13
0
0 0
0
0
]
[G
64
144
3
1
158
0
0
10
0
0 0
0
0
]
[G
10
17
3
1
4
1
0
32
0
0 0
0
0
]
[G
10
17
3
2
4
1
0
32
0
0 0
0
0
]
[G
1
32
3
1
33
0
0
32
0
0 0
0
0
]
[G
64
115
3
1
8
0
0
0
0
0 0
0
0
]
[G
64
100
3
1
101
0
0
4
0
0 0
0
0
]
[G
64
132
3
1
135
0
0
5
0
0 0
0
0
]
[G
1
2
3
1
7
0
0
6
0
0 0
0
0
]
[G
1
61
3
1
4
0
0
32
0
0 0
0
0
]
[G
168
169
56
1
180
0
0
1
0
0 0
0
0
]
[G
64
103
3
1
92
1
0
9
0
0 0
0
0
]
[G
64
144
3
1
165
0
0
14
0
0 0
0
0
]
[G
168
169
56
1
181
0
0
0
0
0 0
0
0
]
[G
1
32
3
1
6
1
0
10
0
0 0
0
0
]
[G
64
88
89
1
90
0
0
0
0
0 0
0
0
]
[G
64
117
3
1
78
1
0
12
0
0 0
0
0
]
[G
1
45
3
1
46
1
0
29
0
0 0
0
0
]
[G
64
129
69
1
4
0
0
32
0
0 0
0
0
]
[G
1
39
3
1
34
1
0
6
0
0 0
0
0
]
[G
1
39
3
1
35
1
0
11
0
0 0
0
0
]
[G
168
169
56
1
193
0
0
0
0
0 0
0
0
]
[G
1
42
3
1
44
1
0
11
0
0 0
0
0
]
[G
1
42
3
2
44
1
0
11
0
0 0
0
0
]
[G
1
42
3
3
44
1
0
11
0
0 0
0
0
]
[G
1
42
3
4
44
1
0
11
0
0 0
0
0
]
[G
1
42
3
5
44
1
0
11
0
0 0
0
0
]
[G
1
42
3
6
44
1
0
11
0
0 0
0
0
]
[G
1
42
3
7
44
1
0
11
0
0 0
0
0
]
[G
1
42
3
8
44
1
0
11
0
0 0
0
0
]
[G
1
42
3
9
44
1
0
11
0
0 0
0
0
]
[G
1
42
3
10
44
1
0
11
0
0 0
0
0
]
[G
1
42
3
11
44
1
0
11
0
0 0
0
0
]
[G
1
42
3
12
44
1
0
11
0
0 0
0
0
]
[G
1
42
3
13
44
1
0
11
0
0 0
0
0
]
[G
1
42
3
14
44
1
0
11
0
0 0
0
0
]
[G
1
42
3
15
44
1
0
11
0
0 0
0
0
]
[G
1
42
3
16
44
1
0
11
0
0 0
0
0
]
[G
1
42
3
17
44
1
0
11
0
0 0
0
0
]
[G
1
42
3
18
44
1
0
11
0
0 0
0
0
]
[G
1
42
3
19
44
1
0
11
0
0 0
0
0
]
[G
1
42
3
20
44
1
0
11
0
0 0
0
0
]
[G
1
42
3
21
44
1
0
11
0
0 0
0
0
]
[G
1
42
3
22
44
1
0
11
0
0 0
0
0
]
[G
1
42
3
23
44
1
0
11
0
0 0
0
0
]
[G
1
42
3
24
44
1
0
11
0
0 0
0
0
]
[G
1
42
3
25
44
1
0
11
0
0 0
0
0
]
[G
1
42
3
26
44
1
0
11
0
0 0
0
0
]
[G
1
42
3
27
44
1
0
11
0
0 0
0
0
]
[G
1
42
3
28
44
1
0
11
0
0 0
0
0
]
[G
1
42
3
29
44
1
0
11
0
0 0
0
0
]
[G
1
42
3
30
44
1
0
11
0
0 0
0
0
]
[G
1
61
3
1
62
0
0
58720256
0
0 0
0
0
]
[G
1
54
3
1
4
1
0
32
0
0 0
0
0
]
[G
168
169
56
1
171
1
0
0
0
0 0
0
0
]
[G
64
122
3
1
123
0
0
0
0
0 0
0
0
]
[G
64
91
3
1
21
1
0
8
0
0 0
0
0
]
[G
64
76
3
1
77
1
0
13
0
0 0
0
0
]
[G
64
72
3
1
23
1
0
6
0
0 0
0
0
]
[G
64
72
3
2
23
1
0
6
0
0 0
0
0
]
[G
168
169
56
1
188
0
0
1
0
0 0
0
0
]
[G
1
48
3
1
33
0
0
32
0
0 0
0
0
]
[G
64
91
3
1
79
1
0
34
0
0 0
0
0
]
[G
64
94
3
1
95
1
0
3
0
0 0
0
0
]
[G
64
144
3
1
138
0
0
0
0
0 0
0
0
]
[G
1
61
3
1
21
0
0
32
0
0 0
0
0
]
[G
64
140
3
1
133
0
0
1
0
0 0
0
0
]
[G
64
144
3
1
160
0
0
3
0
0 0
0
0
]
[G
1
19
3
1
4
1
0
32
0
0 0
0
0
]
[G
1
55
56
1
58
0
0
256
0
0 0
0
0
]
[G
64
85
3
1
8
0
0
0
0
0 0
0
0
]
[G
1
39
3
1
40
1
0
11
0
0 0
0
0
]
[G
64
144
3
1
135
0
0
5
0
0 0
0
0
]
[G
64
108
3
1
23
1
0
6
0
0 0
0
0
]
[G
64
144
3
1
66
1
0
8
0
0 0
0
0
]
[G
1
54
3
1
21
1
0
32
0
0 0
0
0
]
[G
64
76
3
1
78
1
0
12
0
0 0
0
0
]
[G
64
103
3
1
93
1
0
9
0
0 0
0
0
]
[G
64
122
3
1
70
1
0
8
0
0 0
0
0
]
[G
64
103
3
1
104
1
0
32
0
0 0
0
0
]
[G
64
121
50
1
78
1
0
12
0
0 0
0
0
]
[G
64
72
3
1
26
1
0
0
0
0 0
0
0
]
[G
64
72
3
2
26
1
0
0
0
0 0
0
0
]
[G
64
72
3
1
12
1
0
13
0
0 0
0
0
]
[G
64
72
3
2
12
1
0
13
0
0 0
0
0
]
[G
64
121
50
1
107
1
0
11
0
0 0
0
0
]
[G
64
132
3
1
139
0
0
0
0
0 0
0
0
]
[G
64
109
3
1
8
0
0
0
0
0 0
0
0
]
[G
64
72
3
1
28
0
0
6
0
0 0
0
0
]
[G
64
72
3
2
28
0
0
5
0
0 0
0
0
]
[G
1
45
3
1
33
0
0
32
0
0 0
0
0
]
[G
64
131
69
1
66
1
0
8
0
0 0
0
0
]
[G
64
144
3
1
31
0
0
0
0
0 0
0
0
]
[G
64
88
89
1
87
0
0
0
0
0 0
0
0
]
[G
1
2
3
1
8
0
0
0
0
0 0
0
0
]
[G
1
55
56
1
60
1
0
1
0
0 0
0
0
]
[G
64
132
3
1
53
1
0
7
0
0 0
0
0
]
[G
1
55
56
1
59
0
0
4095
0
0 0
0
0
]
[G
64
65
3
1
66
1
0
8
0
0 0
0
0
]
[G
64
140
3
1
142
0
0
1
0
0 0
0
0
]
[G
64
85
3
1
84
0
0
10
0
0 0
0
0
]
[G
1
32
3
1
34
1
0
6
0
0 0
0
0
]
[G
1
32
3
1
35
1
0
11
0
0 0
0
0
]
[G
1
19
3
1
21
1
0
32
0
0 0
0
0
]
[G
64
76
3
1
80
1
0
5
0
0 0
0
0
]
[G
168
169
56
1
176
0
0
4080
0
0 0
0
0
]
[G
64
103
3
1
8
0
0
0
0
0 0
0
0
]
[G
64
140
3
1
141
1
0
0
0
0 0
0
0
]
[G
64
72
3
1
8
0
0
0
0
0 0
0
0
]
[G
64
72
3
2
8
0
0
0
0
0 0
0
0
]
[G
10
15
3
1
14
1
0
1
0
0 0
0
0
]
[G
10
15
3
2
14
1
0
0
0
0 0
0
0
]
[G
1
42
3
1
21
1
0
32
0
0 0
0
0
]
[G
1
42
3
2
21
1
0
32
0
0 0
0
0
]
[G
1
42
3
3
21
1
0
32
0
0 0
0
0
]
[G
1
42
3
4
21
1
0
32
0
0 0
0
0
]
[G
1
42
3
5
21
1
0
32
0
0 0
0
0
]
[G
1
42
3
6
21
1
0
32
0
0 0
0
0
]
[G
1
42
3
7
21
1
0
32
0
0 0
0
0
]
[G
1
42
3
8
21
1
0
32
0
0 0
0
0
]
[G
1
42
3
9
21
1
0
32
0
0 0
0
0
]
[G
1
42
3
10
21
1
0
32
0
0 0
0
0
]
[G
1
42
3
11
21
1
0
32
0
0 0
0
0
]
[G
1
42
3
12
21
1
0
32
0
0 0
0
0
]
[G
1
42
3
13
21
1
0
32
0
0 0
0
0
]
[G
1
42
3
14
21
1
0
32
0
0 0
0
0
]
[G
1
42
3
15
21
1
0
32
0
0 0
0
0
]
[G
1
42
3
16
21
1
0
32
0
0 0
0
0
]
[G
1
42
3
17
21
1
0
32
0
0 0
0
0
]
[G
1
42
3
18
21
1
0
32
0
0 0
0
0
]
[G
1
42
3
19
21
1
0
32
0
0 0
0
0
]
[G
1
42
3
20
21
1
0
32
0
0 0
0
0
]
[G
1
42
3
21
21
1
0
32
0
0 0
0
0
]
[G
1
42
3
22
21
1
0
32
0
0 0
0
0
]
[G
1
42
3
23
21
1
0
32
0
0 0
0
0
]
[G
1
42
3
24
21
1
0
32
0
0 0
0
0
]
[G
1
42
3
25
21
1
0
32
0
0 0
0
0
]
[G
1
42
3
26
21
1
0
32
0
0 0
0
0
]
[G
1
42
3
27
21
1
0
32
0
0 0
0
0
]
[G
1
42
3
28
21
1
0
32
0
0 0
0
0
]
[G
1
42
3
29
21
1
0
32
0
0 0
0
0
]
[G
1
42
3
30
21
1
0
32
0
0 0
0
0
]
[G
64
132
3
1
67
0
0
0
0
0 0
0
0
]
[G
64
144
3
1
162
0
0
4
0
0 0
0
0
]
[G
10
15
3
3
14
1
0
4
0
0 0
0
0
]
[G
10
15
3
4
14
1
0
0
0
0 0
0
0
]
[G
64
88
89
1
82
0
0
4095
0
0 0
0
0
]
[G
1
9
3
1
8
0
0
0
0
0 0
0
0
]
[G
64
91
3
1
92
1
0
9
0
0 0
0
0
]
[G
64
108
3
1
12
1
0
12
0
0 0
0
0
]
[G
64
144
3
1
146
0
0
512
0
0 0
0
0
]
[G
64
108
3
1
26
1
0
0
0
0 0
0
0
]
[G
64
108
3
1
28
0
0
6
0
0 0
0
0
]
[G
10
22
3
1
24
1
0
2
0
0 0
0
0
]
[G
10
22
3
2
24
1
0
7
0
0 0
0
0
]
[G
10
22
3
3
24
1
0
7
0
0 0
0
0
]
[G
10
22
3
4
24
1
0
5
0
0 0
0
0
]
[G
10
22
3
5
24
1
0
6
0
0 0
0
0
]
[G
10
22
3
6
24
1
0
6
0
0 0
0
0
]
[G
10
22
3
7
24
1
0
3
0
0 0
0
0
]
[G
10
22
3
8
24
1
0
3
0
0 0
0
0
]
[G
10
22
3
9
24
1
0
4
0
0 0
0
0
]
[G
10
22
3
10
24
1
0
4
0
0 0
0
0
]
[G
10
22
3
11
24
1
0
5
0
0 0
0
0
]
[G
10
22
3
12
24
1
0
3
0
0 0
0
0
]
[G
10
22
3
13
24
1
0
3
0
0 0
0
0
]
[G
10
22
3
14
24
1
0
3
0
0 0
0
0
]
[G
1
32
3
1
38
1
0
7
0
0 0
0
0
]
[G
64
144
3
1
164
0
0
8
0
0 0
0
0
]
[G
64
140
3
1
8
0
0
0
0
0 0
0
0
]
[G
64
103
3
1
84
0
0
10
0
0 0
0
0
]
[G
64
103
3
1
71
1
0
16
0
0 0
0
0
]
[G
64
108
3
1
8
0
0
0
0
0 0
0
0
]
[G
64
85
3
1
77
1
0
13
0
0 0
0
0
]
[G
168
169
56
1
199
0
0
0
0
0 0
0
0
]
[G
10
30
3
1
26
1
0
0
0
0 0
0
0
]
[G
10
30
3
2
26
1
0
0
0
0 0
0
0
]
[G
10
30
3
3
26
1
0
0
0
0 0
0
0
]
[G
10
30
3
4
26
1
0
0
0
0 0
0
0
]
[G
10
30
3
5
26
1
0
0
0
0 0
0
0
]
[G
10
30
3
6
26
1
0
0
0
0 0
0
0
]
[G
10
30
3
7
26
1
0
0
0
0 0
0
0
]
[G
10
30
3
8
26
1
0
0
0
0 0
0
0
]
[G
10
30
3
9
26
1
0
0
0
0 0
0
0
]
[G
10
30
3
1
12
1
0
32
0
0 0
0
0
]
[G
10
30
3
2
12
1
0
6
0
0 0
0
0
]
[G
10
30
3
3
12
1
0
32
0
0 0
0
0
]
[G
10
30
3
4
12
1
0
6
0
0 0
0
0
]
[G
10
30
3
5
12
1
0
32
0
0 0
0
0
]
[G
10
30
3
6
12
1
0
32
0
0 0
0
0
]
[G
10
30
3
7
12
1
0
7
0
0 0
0
0
]
[G
10
30
3
8
12
1
0
8
0
0 0
0
0
]
[G
10
30
3
9
12
1
0
32
0
0 0
0
0
]
[G
10
30
3
1
28
0
0
68
0
0 0
0
0
]
[G
10
30
3
2
28
0
0
68
0
0 0
0
0
]
[G
10
30
3
3
28
0
0
17
0
0 0
0
0
]
[G
10
30
3
4
28
0
0
32
0
0 0
0
0
]
[G
10
30
3
5
28
0
0
64
0
0 0
0
0
]
[G
10
30
3
6
28
0
0
16
0
0 0
0
0
]
[G
10
30
3
7
28
0
0
16
0
0 0
0
0
]
[G
10
30
3
8
28
0
0
16
0
0 0
0
0
]
[G
10
30
3
9
28
0
0
16
0
0 0
0
0
]
[G
1
39
3
1
21
0
0
32
0
0 0
0
0
]
[G
10
30
3
12
26
1
0
0
0
0 0
0
0
]
[G
1
42
3
1
41
0
0
1024
0
0 0
0
0
]
[G
1
42
3
2
41
0
0
1024
0
0 0
0
0
]
[G
1
42
3
3
41
0
0
1024
0
0 0
0
0
]
[G
1
42
3
4
41
0
0
1024
0
0 0
0
0
]
[G
1
42
3
5
41
0
0
1024
0
0 0
0
0
]
[G
1
42
3
6
41
0
0
1024
0
0 0
0
0
]
[G
1
42
3
7
41
0
0
1024
0
0 0
0
0
]
[G
1
42
3
8
41
0
0
1024
0
0 0
0
0
]
[G
1
42
3
9
41
0
0
1024
0
0 0
0
0
]
[G
1
42
3
10
41
0
0
1024
0
0 0
0
0
]
[G
1
42
3
11
41
0
0
1024
0
0 0
0
0
]
[G
1
42
3
12
41
0
0
1024
0
0 0
0
0
]
[G
1
42
3
13
41
0
0
1024
0
0 0
0
0
]
[G
1
42
3
14
41
0
0
1024
0
0 0
0
0
]
[G
1
42
3
15
41
0
0
1024
0
0 0
0
0
]
[G
1
42
3
16
41
0
0
1024
0
0 0
0
0
]
[G
1
42
3
17
41
0
0
1024
0
0 0
0
0
]
[G
1
42
3
18
41
0
0
1024
0
0 0
0
0
]
[G
1
42
3
19
41
0
0
1024
0
0 0
0
0
]
[G
1
42
3
20
41
0
0
1024
0
0 0
0
0
]
[G
1
42
3
21
41
0
0
1024
0
0 0
0
0
]
[G
10
25
3
2
24
1
0
7
0
0 0
0
0
]
[G
1
42
3
23
41
0
0
1024
0
0 0
0
0
]
[G
1
42
3
24
41
0
0
1024
0
0 0
0
0
]
[G
1
42
3
25
41
0
0
1024
0
0 0
0
0
]
[G
1
42
3
26
41
0
0
1024
0
0 0
0
0
]
[G
1
42
3
27
41
0
0
1024
0
0 0
0
0
]
[G
1
42
3
28
41
0
0
1024
0
0 0
0
0
]
[G
1
42
3
29
41
0
0
1024
0
0 0
0
0
]
[G
1
42
3
30
41
0
0
1024
0
0 0
0
0
]
[G
10
25
3
11
24
1
0
5
0
0 0
0
0
]
[G
64
88
89
1
79
1
0
34
0
0 0
0
0
]
[G
10
25
3
13
24
1
0
3
0
0 0
0
0
]
[G
10
25
3
14
24
1
0
3
0
0 0
0
0
]
[G
1
61
3
1
7
0
0
6
0
0 0
0
0
]
[G
10
30
3
14
26
1
0
0
0
0 0
0
0
]
[G
10
30
3
14
28
0
0
5
0
0 0
0
0
]
[G
10
25
3
1
24
1
0
2
0
0 0
0
0
]
[G
1
42
3
22
41
0
0
1024
0
0 0
0
0
]
[G
10
25
3
3
24
1
0
7
0
0 0
0
0
]
[G
10
25
3
4
24
1
0
5
0
0 0
0
0
]
[G
10
25
3
5
24
1
0
6
0
0 0
0
0
]
[G
10
25
3
6
24
1
0
6
0
0 0
0
0
]
[G
10
25
3
7
24
1
0
3
0
0 0
0
0
]
[G
10
25
3
8
24
1
0
3
0
0 0
0
0
]
[G
10
25
3
9
24
1
0
4
0
0 0
0
0
]
[G
10
25
3
10
24
1
0
4
0
0 0
0
0
]
[G
64
88
89
1
81
0
0
-4096
0
0 0
0
0
]
[G
10
30
3
11
26
1
0
0
0
0 0
0
0
]
[G
64
115
3
1
110
1
0
28
0
0 0
0
0
]
[G
10
30
3
13
26
1
0
0
0
0 0
0
0
]
[G
64
100
3
1
8
0
0
0
0
0 0
0
0
]
[G
1
61
3
1
63
1
0
11
0
0 0
0
0
]
[G
1
55
56
1
8
0
0
0
0
0 0
0
0
]
[G
10
30
3
10
12
1
0
8
0
0 0
0
0
]
[G
10
30
3
11
12
1
0
8
0
0 0
0
0
]
[G
10
30
3
12
12
1
0
12
0
0 0
0
0
]
[G
64
103
3
1
106
0
0
3
0
0 0
0
0
]
[G
10
30
3
14
12
1
0
13
0
0 0
0
0
]
[G
64
72
3
2
29
1
0
3
0
0 0
0
0
]
[G
168
169
56
1
195
0
0
1
0
0 0
0
0
]
[G
10
25
3
12
24
1
0
3
0
0 0
0
0
]
[G
10
30
3
10
28
0
0
16
0
0 0
0
0
]
[G
10
30
3
11
28
0
0
5
0
0 0
0
0
]
[G
10
30
3
12
28
0
0
6
0
0 0
0
0
]
[G
10
30
3
13
28
0
0
6
0
0 0
0
0
]
[G
64
115
3
1
116
1
0
3
0
0 0
0
0
]
[G
10
30
3
1
8
0
0
0
0
0 0
0
0
]
[G
10
30
3
2
8
0
0
0
0
0 0
0
0
]
[G
10
30
3
3
8
0
0
0
0
0 0
0
0
]
[G
10
30
3
4
8
0
0
0
0
0 0
0
0
]
[G
10
30
3
5
8
0
0
0
0
0 0
0
0
]
[G
10
30
3
6
8
0
0
0
0
0 0
0
0
]
[G
1
55
56
1
57
0
0
3
0
0 0
0
0
]
[G
10
30
3
8
8
0
0
0
0
0 0
0
0
]
[G
10
30
3
9
8
0
0
0
0
0 0
0
0
]
[G
10
30
3
10
8
0
0
0
0
0 0
0
0
]
[G
10
30
3
11
8
0
0
0
0
0 0
0
0
]
[G
10
30
3
12
8
0
0
0
0
0 0
0
0
]
[G
10
15
3
1
12
1
0
32
0
0 0
0
0
]
[G
10
15
3
2
12
1
0
32
0
0 0
0
0
]
[G
10
15
3
3
12
1
0
23
0
0 0
0
0
]
[G
10
15
3
4
12
1
0
23
0
0 0
0
0
]
[G
168
169
56
1
196
0
0
0
0
0 0
0
0
]
[G
64
144
3
1
151
0
0
8
0
0 0
0
0
]
[G
10
30
3
13
12
1
0
13
0
0 0
0
0
]
[G
10
11
3
1
13
0
0
1
0
0 0
0
0
]
[G
10
11
3
2
13
0
0
2
0
0 0
0
0
]
[G
10
11
3
3
13
0
0
4
0
0 0
0
0
]
[G
10
11
3
4
13
0
0
8
0
0 0
0
0
]
[G
10
11
3
5
13
0
0
16
0
0 0
0
0
]
[G
10
11
3
6
13
0
0
32
0
0 0
0
0
]
[G
10
11
3
7
13
0
0
1
0
0 0
0
0
]
[G
10
11
3
8
13
0
0
2
0
0 0
0
0
]
[G
10
11
3
9
13
0
0
4
0
0 0
0
0
]
[G
10
11
3
10
13
0
0
8
0
0 0
0
0
]
[G
10
11
3
11
13
0
0
16
0
0 0
0
0
]
[G
10
11
3
12
13
0
0
32
0
0 0
0
0
]
[G
64
65
3
1
53
1
0
7
0
0 0
0
0
]
[G
10
11
3
14
13
0
0
2
0
0 0
0
0
]
[G
10
11
3
15
13
0
0
4
0
0 0
0
0
]
[G
64
68
69
1
4
0
0
32
0
0 0
0
0
]
[G
10
11
3
17
13
0
0
16
0
0 0
0
0
]
[G
10
11
3
18
13
0
0
1
0
0 0
0
0
]
[G
10
11
3
19
13
0
0
2
0
0 0
0
0
]
[G
10
30
3
7
8
0
0
0
0
0 0
0
0
]
[G
10
11
3
21
13
0
0
8
0
0 0
0
0
]
[G
10
11
3
22
13
0
0
16
0
0 0
0
0
]
[G
1
32
3
1
4
1
0
32
0
0 0
0
0
]
[G
64
144
3
1
139
0
0
0
0
0 0
0
0
]
[G
1
45
3
1
34
1
0
6
0
0 0
0
0
]
[G
1
39
3
1
41
0
0
1024
0
0 0
0
0
]
[G
64
129
69
1
70
1
0
8
0
0 0
0
0
]
[G
64
144
3
1
67
1
0
0
0
0 0
0
0
]
[G
10
11
3
13
13
0
0
1
0
0 0
0
0
]
[G
168
169
56
1
186
0
0
0
0
0 0
0
0
]
[G
10
11
3
16
13
0
0
8
0
0 0
0
0
]
[G
64
103
3
1
105
1
0
28
0
0 0
0
0
]
[G
64
72
3
1
29
1
0
3
0
0 0
0
0
]
